5.0000,5.0000,-0.0000,0.0000
5.0000,5.0000,-0.0000,0.0000
5.0000,5.0000,-0.0000,0.0000
5.0000,5.0000,-0.0000,0.0000
5.0000,5.0000,-0.0000,0.0000
5.0000,5.0000,-0.0000,0.0000
5.0000,5.0000,-0.0000,0.0000
5.0000,5.0000,-0.0000,0.0000
5.0000,5.0000,-0.0000,0.0000
5.0000,5.0000,-0.0000,0.0000
5.0000,5.0000,-0.0000,0.0000
5.0000,5.0000,-0.0000,0.0000
5.0000,5.0000,-0.0000,0.0000
5.0000,5.0000,-0.0000,0.0000
5.0000,5.0000,-0.0000,0.0000
5.0000,5.0000,-0.0000,0.0000
5.0000,5.0000,-0.0000,0.0000
5.0000,5.0000,-0.0000,0.0000
5.0000,5.0000,-0.0000,0.0000
5.0000,5.0000,-0.0000,0.0000
5.0000,5.0000,-0.0000,0.0000
5.0000,5.0000,-0.0000,0.0000
5.0000,5.0000,-0.0000,0.0000
5.0000,5.0000,-0.0000,0.0000
5.0000,5.0000,-0.0000,0.0000
5.0000,5.0000,-0.0000,0.0000
5.0000,5.0000,-0.0000,0.0000
5.0000,5.0000,-0.0000,0.0000
5.0000,5.0000,-0.0000,0.0000
5.0000,5.0000,-0.0000,0.0000
5.0000,5.0000,-0.0000,0.0000
5.0000,5.0000,-0.0000,0.0000
5.0000,5.0000,-0.0000,0.0000
5.0000,5.0000,-0.0000,0.0000
5.0000,5.0000,-0.0000,0.0000
5.0000,5.0000,-0.0000,0.0000
5.0000,5.0000,-0.0000,0.0000
5.0000,5.0000,-0.0000,0.0000
5.0000,5.0000,-0.0000,0.0000
5.0000,5.0000,-0.0000,0.0000
5.0000,5.0000,-0.0000,0.0000
5.0000,5.0000,-0.0000,0.0000
5.0000,5.0000,-0.0000,0.0000
5.0000,5.0000,-0.0000,0.0000
5.0000,5.0000,-0.0000,0.0000
5.0000,5.0000,-0.0000,0.0000
5.0000,5.0000,-0.0000,0.0000
5.0000,5.0000,-0.0000,0.0000
5.0000,5.0000,-0.0000,0.0000
5.0000,5.0000,-0.0000,0.0000
5.0000,5.0000,-0.0000,0.0000
5.0000,5.0000,-0.0000,0.0000
5.0000,5.0000,-0.0000,0.0000
5.0000,5.0000,-0.0000,0.0000
5.0000,5.0000,-0.0000,0.0000
5.0000,5.0000,-0.0000,0.0000
5.0000,5.0000,-0.0000,0.0000
5.0000,5.0000,-0.0000,0.0000
5.0000,5.0000,-0.0000,0.0000
5.0000,5.0000,-0.0000,0.0000
5.0000,5.0000,-0.0000,0.0000
5.0000,5.0000,-0.0000,0.0000
5.0000,5.0000,-0.0000,0.0000
5.0000,5.0000,-0.0000,0.0000
5.0000,5.0000,-0.0000,0.0000
5.0000,5.0000,-0.0000,0.0000
5.0000,5.0000,-0.0000,0.0000
5.0000,5.0000,-0.0000,0.0000
5.0000,5.0000,-0.0000,0.0000
5.0000,5.0000,-0.0000,0.0000
5.0000,5.0000,-0.0000,0.0000
5.0000,5.0000,-0.0000,0.0000
5.0000,5.0000,-0.0000,0.0000
5.0000,5.0000,-0.0000,0.0000
5.0000,5.0000,-0.0000,0.0000
5.0000,5.0000,-0.0000,0.0000
5.0000,5.0000,-0.0000,0.0000
5.0000,5.0000,-0.0000,0.0000
5.0000,5.0000,-0.0000,0.0000
5.0000,5.0000,-0.0000,0.0000
5.0000,5.0000,-0.0000,0.0000
5.0000,5.0000,-0.0000,0.0000
5.0000,5.0000,-0.0000,0.0000
5.0000,5.0000,-0.0000,0.0000
5.0000,5.0000,-0.0000,0.0000
5.0000,5.0000,-0.0000,0.0000
5.0000,5.0000,-0.0000,0.0000
5.0000,5.0000,-0.0000,0.0000
5.0000,5.0000,-0.0000,0.0000
5.0000,5.0000,-0.0000,0.0000
5.0000,5.0000,-0.0000,0.0000
5.0000,5.0000,-0.0000,0.0000
5.0000,5.0001,-0.0000,0.0014
5.0000,5.0005,-0.0000,0.0027
5.0000,5.0012,-0.0000,0.0041
5.0000,5.0022,-0.0000,0.0055
5.0000,5.0034,-0.0000,0.0068
5.0000,5.0049,-0.0000,0.0082
5.0000,5.0067,-0.0000,0.0096
5.0000,5.0087,-0.0000,0.0109
5.0000,5.0111,-0.0000,0.0123
5.0000,5.0137,-0.0000,0.0137
5.0000,5.0165,-0.0000,0.0150
5.0000,5.0197,-0.0000,0.0164
5.0000,5.0231,-0.0000,0.0177
5.0000,5.0268,-0.0000,0.0191
5.0000,5.0307,-0.0000,0.0205
5.0000,5.0349,-0.0000,0.0218
5.0000,5.0395,-0.0000,0.0232
5.0000,5.0442,-0.0000,0.0246
5.0000,5.0493,-0.0000,0.0259
5.0000,5.0546,-0.0000,0.0273
4.9999,5.0602,-0.0001,0.0287
4.9999,5.0661,-0.0001,0.0300
4.9999,5.0722,-0.0001,0.0314
4.9999,5.0786,-0.0001,0.0328
4.9999,5.0853,-0.0001,0.0341
4.9999,5.0923,-0.0001,0.0355
4.9998,5.0995,-0.0001,0.0369
4.9998,5.1070,-0.0001,0.0382
4.9998,5.1148,-0.0001,0.0396
4.9998,5.1229,-0.0002,0.0410
4.9997,5.1312,-0.0002,0.0423
4.9997,5.1398,-0.0002,0.0437
4.9996,5.1487,-0.0002,0.0450
4.9996,5.1578,-0.0002,0.0464
4.9996,5.1672,-0.0003,0.0478
4.9995,5.1769,-0.0003,0.0491
4.9994,5.1869,-0.0003,0.0505
4.9994,5.1971,-0.0003,0.0519
4.9993,5.2076,-0.0004,0.0532
4.9992,5.2184,-0.0004,0.0546
4.9992,5.2295,-0.0004,0.0560
4.9991,5.2408,-0.0004,0.0573
4.9990,5.2524,-0.0005,0.0587
4.9989,5.2643,-0.0005,0.0601
4.9988,5.2764,-0.0005,0.0614
4.9987,5.2888,-0.0006,0.0628
4.9985,5.3015,-0.0006,0.0641
4.9984,5.3145,-0.0007,0.0655
4.9983,5.3277,-0.0007,0.0669
4.9981,5.3412,-0.0007,0.0682
4.9980,5.3550,-0.0008,0.0696
4.9978,5.3691,-0.0008,0.0710
4.9976,5.3834,-0.0009,0.0723
4.9975,5.3980,-0.0009,0.0737
4.9973,5.4129,-0.0010,0.0750
4.9971,5.4280,-0.0010,0.0764
4.9969,5.4434,-0.0011,0.0778
4.9966,5.4591,-0.0012,0.0791
4.9964,5.4751,-0.0012,0.0805
4.9961,5.4913,-0.0013,0.0818
4.9959,5.5078,-0.0014,0.0832
4.9956,5.5246,-0.0014,0.0846
4.9953,5.5417,-0.0015,0.0859
4.9950,5.5590,-0.0016,0.0873
4.9947,5.5766,-0.0016,0.0886
4.9943,5.5944,-0.0017,0.0900
4.9940,5.6126,-0.0018,0.0914
4.9936,5.6310,-0.0019,0.0927
4.9932,5.6497,-0.0020,0.0941
4.9928,5.6686,-0.0020,0.0954
4.9924,5.6878,-0.0021,0.0968
4.9920,5.7073,-0.0022,0.0981
4.9915,5.7271,-0.0023,0.0995
4.9911,5.7471,-0.0024,0.1008
4.9906,5.7674,-0.0025,0.1022
4.9901,5.7880,-0.0026,0.1035
4.9895,5.8088,-0.0027,0.1049
4.9890,5.8299,-0.0028,0.1062
4.9884,5.8513,-0.0029,0.1076
4.9878,5.8730,-0.0031,0.1089
4.9872,5.8949,-0.0032,0.1103
4.9865,5.9171,-0.0033,0.1116
4.9859,5.9396,-0.0034,0.1130
4.9852,5.9623,-0.0035,0.1143
4.9844,5.9853,-0.0037,0.1157
4.9837,6.0086,-0.0038,0.1170
4.9829,6.0321,-0.0039,0.1184
4.9821,6.0559,-0.0041,0.1197
4.9813,6.0800,-0.0042,0.1210
4.9804,6.1043,-0.0043,0.1224
4.9796,6.1289,-0.0045,0.1237
4.9787,6.1538,-0.0046,0.1251
4.9777,6.1790,-0.0048,0.1264
4.9767,6.2044,-0.0049,0.1277
4.9757,6.2301,-0.0051,0.1291
4.9747,6.2560,-0.0053,0.1304
4.9736,6.2822,-0.0054,0.1317
4.9725,6.3087,-0.0056,0.1330
4.9714,6.3354,-0.0058,0.1344
4.9702,6.3624,-0.0060,0.1357
4.9690,6.3897,-0.0061,0.1370
4.9678,6.4172,-0.0063,0.1383
4.9665,6.4450,-0.0065,0.1397
4.9652,6.4731,-0.0067,0.1410
4.9638,6.5014,-0.0069,0.1423
4.9624,6.5300,-0.0071,0.1436
4.9610,6.5589,-0.0073,0.1449
4.9595,6.5880,-0.0075,0.1462
4.9580,6.6174,-0.0077,0.1476
4.9564,6.6470,-0.0079,0.1489
4.9548,6.6769,-0.0081,0.1502
4.9532,6.7071,-0.0084,0.1515
4.9515,6.7375,-0.0086,0.1528
4.9497,6.7682,-0.0088,0.1541
4.9479,6.7991,-0.0090,0.1554
4.9461,6.8303,-0.0093,0.1567
4.9442,6.8618,-0.0095,0.1579
4.9423,6.8935,-0.0098,0.1592
4.9403,6.9255,-0.0100,0.1605
4.9383,6.9577,-0.0103,0.1618
4.9362,6.9902,-0.0105,0.1631
4.9341,7.0230,-0.0108,0.1644
4.9319,7.0560,-0.0110,0.1656
4.9297,7.0892,-0.0113,0.1669
4.9274,7.1227,-0.0116,0.1682
4.9250,7.1565,-0.0119,0.1694
4.9226,7.1905,-0.0122,0.1707
4.9202,7.2247,-0.0124,0.1719
4.9177,7.2593,-0.0127,0.1732
4.9151,7.2940,-0.0130,0.1745
4.9124,7.3290,-0.0133,0.1757
4.9097,7.3643,-0.0136,0.1769
4.9070,7.3998,-0.0139,0.1782
4.9042,7.4356,-0.0143,0.1794
4.9013,7.4716,-0.0146,0.1807
4.8983,7.5078,-0.0149,0.1819
4.8953,7.5443,-0.0152,0.1831
4.8922,7.5811,-0.0156,0.1843
4.8891,7.6181,-0.0159,0.1855
4.8859,7.6553,-0.0162,0.1868
4.8826,7.6928,-0.0166,0.1880
4.8793,7.7305,-0.0169,0.1892
4.8758,7.7684,-0.0173,0.1904
4.8723,7.8066,-0.0177,0.1916
4.8688,7.8451,-0.0180,0.1928
4.8651,7.8837,-0.0184,0.1939
4.8614,7.9226,-0.0188,0.1951
4.8576,7.9618,-0.0191,0.1963
4.8537,8.0012,-0.0195,0.1975
4.8498,8.0408,-0.0199,0.1986
4.8458,8.0806,-0.0203,0.1998
4.8417,8.1207,-0.0207,0.2009
4.8375,8.1610,-0.0211,0.2021
4.8332,8.2015,-0.0215,0.2032
4.8289,8.2423,-0.0220,0.2044
4.8244,8.2833,-0.0224,0.2055
4.8199,8.3245,-0.0228,0.2066
4.8153,8.3659,-0.0232,0.2077
4.8106,8.4076,-0.0237,0.2088
4.8059,8.4494,-0.0241,0.2099
4.8010,8.4915,-0.0246,0.2110
4.7960,8.5338,-0.0250,0.2121
4.7910,8.5764,-0.0255,0.2132
4.7858,8.6191,-0.0259,0.2143
4.7806,8.6621,-0.0264,0.2154
4.7753,8.7053,-0.0269,0.2164
4.7699,8.7487,-0.0273,0.2175
4.7643,8.7923,-0.0278,0.2185
4.7587,8.8361,-0.0283,0.2196
4.7530,8.8801,-0.0288,0.2206
4.7472,8.9243,-0.0293,0.2216
4.7413,8.9688,-0.0298,0.2227
4.7353,9.0134,-0.0303,0.2237
4.7292,9.0582,-0.0308,0.2247
4.7229,9.1033,-0.0314,0.2257
4.7166,9.1485,-0.0319,0.2266
4.7102,9.1939,-0.0324,0.2276
4.7036,9.2395,-0.0330,0.2286
4.6970,9.2854,-0.0335,0.2296
4.6902,9.3314,-0.0341,0.2305
4.6834,9.3776,-0.0346,0.2314
4.6764,9.4239,-0.0352,0.2324
4.6693,9.4705,-0.0357,0.2333
4.6621,9.5173,-0.0363,0.2342
4.6548,9.5642,-0.0369,0.2351
4.6473,9.6113,-0.0375,0.2360
4.6398,9.6586,-0.0381,0.2369
4.6321,9.7061,-0.0386,0.2378
4.6243,9.7537,-0.0392,0.2386
4.6164,9.8015,-0.0399,0.2395
4.6084,9.8495,-0.0405,0.2403
4.6002,9.8976,-0.0411,0.2412
4.5920,9.9459,-0.0417,0.2420
4.5835,9.9944,-0.0423,0.2428
4.5750,10.0431,-0.0430,0.2436
4.5664,10.0919,-0.0436,0.2444
4.5576,10.1408,-0.0442,0.2451
4.5487,10.1899,-0.0449,0.2459
4.5396,10.2392,-0.0455,0.2467
4.5304,10.2886,-0.0462,0.2474
4.5211,10.3381,-0.0469,0.2481
4.5117,10.3878,-0.0475,0.2488
4.5021,10.4376,-0.0482,0.2495
4.4924,10.4876,-0.0489,0.2502
4.4826,10.5377,-0.0496,0.2509
4.4726,10.5880,-0.0503,0.2516
4.4624,10.6384,-0.0510,0.2522
4.4522,10.6889,-0.0517,0.2528
4.4418,10.7395,-0.0524,0.2535
4.4312,10.7902,-0.0531,0.2541
4.4205,10.8411,-0.0538,0.2547
4.4097,10.8921,-0.0546,0.2552
4.3987,10.9432,-0.0553,0.2558
4.3876,10.9944,-0.0560,0.2564
4.3763,11.0458,-0.0568,0.2569
4.3648,11.0972,-0.0575,0.2574
4.3533,11.1487,-0.0583,0.2579
4.3415,11.2004,-0.0590,0.2584
4.3296,11.2521,-0.0598,0.2589
4.3176,11.3039,-0.0606,0.2593
4.3054,11.3558,-0.0614,0.2598
4.2931,11.4078,-0.0621,0.2602
4.2806,11.4599,-0.0629,0.2606
4.2679,11.5121,-0.0637,0.2610
4.2551,11.5643,-0.0645,0.2614
4.2421,11.6166,-0.0653,0.2618
4.2289,11.6690,-0.0661,0.2621
4.2156,11.7215,-0.0669,0.2624
4.2022,11.7740,-0.0678,0.2627
4.1885,11.8266,-0.0686,0.2630
4.1747,11.8792,-0.0694,0.2633
4.1608,11.9319,-0.0703,0.2636
4.1466,11.9846,-0.0711,0.2638
4.1323,12.0374,-0.0719,0.2640
4.1178,12.0902,-0.0728,0.2642
4.1032,12.1431,-0.0736,0.2644
4.0884,12.1960,-0.0745,0.2646
4.0734,12.2489,-0.0754,0.2647
4.0582,12.3018,-0.0762,0.2648
4.0429,12.3548,-0.0771,0.2649
4.0274,12.4078,-0.0780,0.2650
4.0117,12.4608,-0.0789,0.2651
3.9958,12.5138,-0.0798,0.2651
3.9798,12.5669,-0.0807,0.2651
3.9636,12.6199,-0.0816,0.2651
3.9472,12.6729,-0.0825,0.2651
3.9306,12.7259,-0.0834,0.2651
3.9138,12.7789,-0.0843,0.2650
3.8969,12.8319,-0.0852,0.2649
3.8798,12.8849,-0.0861,0.2648
3.8624,12.9379,-0.0870,0.2647
3.8449,12.9908,-0.0880,0.2645
3.8273,13.0437,-0.0889,0.2644
3.8094,13.0965,-0.0898,0.2642
3.7913,13.1494,-0.0908,0.2640
3.7731,13.2021,-0.0917,0.2637
3.7546,13.2548,-0.0927,0.2635
3.7360,13.3075,-0.0936,0.2632
3.7172,13.3601,-0.0946,0.2629
3.6982,13.4126,-0.0956,0.2625
3.6790,13.4651,-0.0965,0.2622
3.6596,13.5175,-0.0975,0.2618
3.6400,13.5698,-0.0985,0.2614
3.6202,13.6221,-0.0994,0.2609
3.6002,13.6742,-0.1004,0.2605
3.5800,13.7262,-0.1014,0.2600
3.5596,13.7782,-0.1024,0.2595
3.5390,13.8300,-0.1034,0.2590
3.5183,13.8818,-0.1044,0.2584
3.4973,13.9334,-0.1054,0.2578
3.4761,13.9849,-0.1064,0.2572
3.4548,14.0363,-0.1074,0.2566
3.4332,14.0875,-0.1084,0.2559
3.4114,14.1386,-0.1094,0.2552
3.3894,14.1896,-0.1104,0.2545
3.3672,14.2404,-0.1114,0.2537
3.3449,14.2911,-0.1124,0.2530
3.3223,14.3416,-0.1134,0.2522
3.2995,14.3920,-0.1145,0.2513
3.2765,14.4422,-0.1155,0.2505
3.2533,14.4922,-0.1165,0.2496
3.2299,14.5420,-0.1175,0.2487
3.2063,14.5916,-0.1186,0.2477
3.1824,14.6411,-0.1196,0.2468
3.1584,14.6903,-0.1206,0.2458
3.1342,14.7394,-0.1217,0.2447
3.1097,14.7882,-0.1227,0.2437
3.0851,14.8369,-0.1238,0.2426
3.0602,14.8853,-0.1248,0.2415
3.0352,14.9334,-0.1258,0.2403
3.0099,14.9814,-0.1269,0.2391
2.9844,15.0291,-0.1279,0.2379
2.9587,15.0766,-0.1290,0.2367
2.9328,15.1238,-0.1300,0.2354
2.9067,15.1707,-0.1311,0.2341
2.8804,15.2174,-0.1321,0.2328
2.8539,15.2638,-0.1332,0.2314
2.8271,15.3100,-0.1342,0.2300
2.8002,15.3558,-0.1353,0.2286
2.7730,15.4014,-0.1363,0.2271
2.7457,15.4467,-0.1374,0.2256
2.7181,15.4917,-0.1384,0.2241
2.6903,15.5363,-0.1395,0.2226
2.6623,15.5807,-0.1405,0.2210
2.6341,15.6247,-0.1416,0.2194
2.6057,15.6684,-0.1426,0.2177
2.5770,15.7118,-0.1437,0.2160
2.5482,15.7548,-0.1447,0.2143
2.5192,15.7975,-0.1458,0.2125
2.4899,15.8398,-0.1468,0.2107
2.4604,15.8818,-0.1478,0.2089
2.4308,15.9234,-0.1489,0.2071
2.4009,15.9646,-0.1499,0.2052
2.3708,16.0055,-0.1510,0.2033
2.3405,16.0459,-0.1520,0.2013
2.3100,16.0860,-0.1530,0.1993
2.2793,16.1257,-0.1541,0.1973
2.2484,16.1649,-0.1551,0.1952
2.2173,16.2037,-0.1561,0.1931
2.1859,16.2421,-0.1572,0.1910
2.1544,16.2801,-0.1582,0.1888
2.1227,16.3177,-0.1592,0.1866
2.0907,16.3548,-0.1602,0.1844
2.0586,16.3914,-0.1612,0.1821
2.0262,16.4276,-0.1622,0.1798
1.9937,16.4633,-0.1633,0.1775
1.9609,16.4986,-0.1643,0.1751
1.9280,16.5334,-0.1653,0.1727
1.8948,16.5676,-0.1663,0.1702
1.8615,16.6014,-0.1672,0.1677
1.8279,16.6347,-0.1682,0.1652
1.7942,16.6675,-0.1692,0.1626
1.7602,16.6998,-0.1702,0.1600
1.7261,16.7315,-0.1712,0.1574
1.6918,16.7627,-0.1721,0.1547
1.6572,16.7934,-0.1731,0.1520
1.6225,16.8236,-0.1741,0.1493
1.5876,16.8531,-0.1750,0.1465
1.5525,16.8822,-0.1760,0.1437
1.5172,16.9106,-0.1769,0.1408
1.4818,16.9385,-0.1778,0.1380
1.4461,16.9658,-0.1788,0.1350
1.4102,16.9925,-0.1797,0.1321
1.3742,17.0186,-0.1806,0.1291
1.3380,17.0441,-0.1815,0.1260
1.3016,17.0690,-0.1824,0.1230
1.2650,17.0933,-0.1833,0.1199
1.2283,17.1170,-0.1842,0.1167
1.1913,17.1400,-0.1851,0.1135
1.1542,17.1624,-0.1860,0.1103
1.1170,17.1841,-0.1868,0.1070
1.0795,17.2052,-0.1877,0.1037
1.0419,17.2256,-0.1885,0.1004
1.0041,17.2453,-0.1894,0.0970
0.9661,17.2644,-0.1902,0.0936
0.9280,17.2828,-0.1910,0.0902
0.8897,17.3005,-0.1918,0.0867
0.8513,17.3175,-0.1926,0.0832
0.8127,17.3338,-0.1934,0.0797
0.7739,17.3494,-0.1942,0.0761
0.7350,17.3642,-0.1950,0.0724
0.6959,17.3783,-0.1957,0.0688
0.6567,17.3917,-0.1965,0.0651
0.6173,17.4044,-0.1972,0.0614
0.5778,17.4163,-0.1980,0.0576
0.5381,17.4274,-0.1987,0.0538
0.4983,17.4378,-0.1994,0.0499
0.4584,17.4474,-0.2001,0.0461
0.4183,17.4562,-0.2008,0.0421
0.3781,17.4642,-0.2015,0.0382
0.3377,17.4715,-0.2021,0.0342
0.2972,17.4779,-0.2028,0.0302
0.2566,17.4835,-0.2034,0.0261
0.2158,17.4883,-0.2040,0.0220
0.1750,17.4923,-0.2046,0.0179
0.1340,17.4955,-0.2052,0.0138
0.0929,17.4978,-0.2058,0.0096
0.0517,17.4993,-0.2064,0.0053
0.0103,17.5000,-0.2070,0.0011
-0.0311,17.4998,-0.2075,-0.0032
-0.0727,17.4987,-0.2080,-0.0076
-0.1143,17.4967,-0.2085,-0.0119
-0.1561,17.4939,-0.2090,-0.0163
-0.1979,17.4902,-0.2095,-0.0208
-0.2399,17.4856,-0.2100,-0.0252
-0.2819,17.4801,-0.2104,-0.0297
-0.3241,17.4737,-0.2109,-0.0342
-0.3663,17.4664,-0.2113,-0.0388
-0.4086,17.4582,-0.2117,-0.0434
-0.4510,17.4491,-0.2121,-0.0480
-0.4934,17.4390,-0.2125,-0.0527
-0.5360,17.4280,-0.2128,-0.0574
-0.5786,17.4160,-0.2132,-0.0621
-0.6212,17.4031,-0.2135,-0.0668
-0.6639,17.3893,-0.2138,-0.0716
-0.7067,17.3745,-0.2141,-0.0764
-0.7496,17.3587,-0.2143,-0.0812
-0.7925,17.3420,-0.2146,-0.0861
-0.8354,17.3243,-0.2148,-0.0910
-0.8784,17.3056,-0.2150,-0.0959
-0.9214,17.2859,-0.2152,-0.1009
-0.9645,17.2652,-0.2154,-0.1059
-1.0076,17.2436,-0.2155,-0.1109
-1.0507,17.2209,-0.2157,-0.1159
-1.0938,17.1972,-0.2158,-0.1210
-1.1370,17.1725,-0.2159,-0.1260
-1.1802,17.1468,-0.2160,-0.1311
-1.2234,17.1200,-0.2160,-0.1363
-1.2666,17.0923,-0.2161,-0.1414
-1.3098,17.0635,-0.2161,-0.1466
-1.3530,17.0336,-0.2161,-0.1518
-1.3962,17.0027,-0.2160,-0.1571
-1.4394,16.9708,-0.2160,-0.1623
-1.4826,16.9378,-0.2159,-0.1676
-1.5258,16.9038,-0.2158,-0.1729
-1.5689,16.8687,-0.2157,-0.1782
-1.6121,16.8325,-0.2155,-0.1835
-1.6552,16.7952,-0.2154,-0.1889
-1.6982,16.7569,-0.2152,-0.1943
-1.7412,16.7175,-0.2150,-0.1997
-1.7842,16.6771,-0.2148,-0.2051
-1.8271,16.6355,-0.2145,-0.2105
-1.8700,16.5928,-0.2142,-0.2160
-1.9128,16.5491,-0.2139,-0.2214
-1.9556,16.5043,-0.2136,-0.2269
-1.9983,16.4583,-0.2132,-0.2324
-2.0409,16.4113,-0.2129,-0.2379
-2.0834,16.3632,-0.2125,-0.2435
-2.1259,16.3139,-0.2120,-0.2490
-2.1682,16.2636,-0.2116,-0.2546
-2.2105,16.2121,-0.2111,-0.2601
-2.2527,16.1595,-0.2106,-0.2657
-2.2947,16.1058,-0.2101,-0.2713
-2.3367,16.0510,-0.2095,-0.2769
-2.3785,15.9951,-0.2089,-0.2825
-2.4203,15.9380,-0.2083,-0.2881
-2.4619,15.8798,-0.2077,-0.2937
-2.5033,15.8205,-0.2070,-0.2994
-2.5447,15.7601,-0.2064,-0.3050
-2.5859,15.6985,-0.2056,-0.3106
-2.6269,15.6358,-0.2049,-0.3163
-2.6678,15.5720,-0.2041,-0.3220
-2.7086,15.5070,-0.2033,-0.3276
-2.7492,15.4409,-0.2025,-0.3333
-2.7896,15.3737,-0.2017,-0.3389
-2.8298,15.3054,-0.2008,-0.3446
-2.8699,15.2359,-0.1999,-0.3503
-2.9098,15.1653,-0.1989,-0.3559
-2.9495,15.0935,-0.1980,-0.3616
-2.9890,15.0206,-0.1970,-0.3672
-3.0283,14.9466,-0.1960,-0.3729
-3.0674,14.8715,-0.1949,-0.3785
-3.1062,14.7952,-0.1938,-0.3842
-3.1449,14.7178,-0.1927,-0.3898
-3.1833,14.6393,-0.1916,-0.3955
-3.2215,14.5596,-0.1904,-0.4011
-3.2595,14.4788,-0.1892,-0.4067
-3.2972,14.3969,-0.1880,-0.4123
-3.3347,14.3139,-0.1868,-0.4179
-3.3719,14.2298,-0.1855,-0.4235
-3.4089,14.1445,-0.1842,-0.4291
-3.4456,14.0581,-0.1828,-0.4346
-3.4820,13.9707,-0.1814,-0.4402
-3.5182,13.8821,-0.1800,-0.4457
-3.5540,13.7924,-0.1786,-0.4512
-3.5896,13.7016,-0.1771,-0.4567
-3.6249,13.6097,-0.1756,-0.4622
-3.6598,13.5167,-0.1741,-0.4676
-3.6945,13.4226,-0.1726,-0.4731
-3.7289,13.3275,-0.1710,-0.4785
-3.7629,13.2312,-0.1694,-0.4839
-3.7966,13.1339,-0.1677,-0.4893
-3.8300,13.0355,-0.1660,-0.4946
-3.8630,12.9361,-0.1643,-0.4999
-3.8957,12.8356,-0.1626,-0.5052
-3.9281,12.7340,-0.1608,-0.5105
-3.9600,12.6314,-0.1590,-0.5157
-3.9917,12.5277,-0.1572,-0.5209
-4.0229,12.4230,-0.1553,-0.5261
-4.0538,12.3173,-0.1534,-0.5313
-4.0843,12.2105,-0.1515,-0.5364
-4.1144,12.1027,-0.1496,-0.5415
-4.1441,11.9939,-0.1476,-0.5465
-4.1734,11.8841,-0.1456,-0.5515
-4.2023,11.7733,-0.1435,-0.5565
-4.2308,11.6615,-0.1414,-0.5614
-4.2589,11.5488,-0.1393,-0.5663
-4.2865,11.4350,-0.1372,-0.5711
-4.3138,11.3203,-0.1350,-0.5759
-4.3406,11.2046,-0.1328,-0.5807
-4.3669,11.0880,-0.1306,-0.5854
-4.3928,10.9705,-0.1283,-0.5901
-4.4182,10.8520,-0.1260,-0.5947
-4.4432,10.7326,-0.1237,-0.5993
-4.4677,10.6123,-0.1214,-0.6038
-4.4917,10.4911,-0.1190,-0.6083
-4.5153,10.3690,-0.1166,-0.6127
-4.5384,10.2460,-0.1141,-0.6171
-4.5609,10.1222,-0.1117,-0.6214
-4.5830,9.9974,-0.1092,-0.6257
-4.6046,9.8719,-0.1066,-0.6299
-4.6257,9.7455,-0.1041,-0.6340
-4.6462,9.6183,-0.1015,-0.6381
-4.6663,9.4903,-0.0989,-0.6421
-4.6858,9.3615,-0.0962,-0.6461
-4.7047,9.2319,-0.0935,-0.6500
-4.7232,9.1015,-0.0908,-0.6538
-4.7411,8.9703,-0.0881,-0.6576
-4.7584,8.8384,-0.0853,-0.6613
-4.7752,8.7058,-0.0826,-0.6649
-4.7914,8.5725,-0.0797,-0.6685
-4.8071,8.4384,-0.0769,-0.6720
-4.8222,8.3037,-0.0740,-0.6754
-4.8367,8.1683,-0.0711,-0.6788
-4.8507,8.0322,-0.0682,-0.6821
-4.8640,7.8954,-0.0653,-0.6853
-4.8768,7.7581,-0.0623,-0.6884
-4.8889,7.6201,-0.0593,-0.6914
-4.9005,7.4815,-0.0563,-0.6944
-4.9114,7.3423,-0.0532,-0.6973
-4.9218,7.2026,-0.0501,-0.7001
-4.9315,7.0623,-0.0470,-0.7028
-4.9406,6.9215,-0.0439,-0.7055
-4.9490,6.7801,-0.0407,-0.7080
-4.9569,6.6383,-0.0376,-0.7105
-4.9641,6.4959,-0.0344,-0.7129
-4.9706,6.3531,-0.0312,-0.7152
-4.9765,6.2098,-0.0279,-0.7174
-4.9818,6.0661,-0.0246,-0.7195
-4.9864,5.9220,-0.0213,-0.7216
-4.9903,5.7775,-0.0180,-0.7235
-4.9936,5.6326,-0.0147,-0.7253
-4.9962,5.4874,-0.0113,-0.7271
-4.9981,5.3418,-0.0080,-0.7287
-4.9994,5.1959,-0.0046,-0.7303
-5.0000,5.0497,-0.0012,-0.7317
-4.9999,4.9032,0.0023,-0.7331
-4.9991,4.7565,0.0057,-0.7343
-4.9976,4.6095,0.0092,-0.7355
-4.9954,4.4623,0.0127,-0.7365
-4.9925,4.3149,0.0162,-0.7374
-4.9889,4.1674,0.0197,-0.7383
-4.9846,4.0196,0.0233,-0.7390
-4.9796,3.8718,0.0268,-0.7396
-4.9739,3.7238,0.0304,-0.7401
-4.9674,3.5757,0.0340,-0.7405
-4.9603,3.4276,0.0376,-0.7408
-4.9524,3.2794,0.0412,-0.7410
-4.9438,3.1312,0.0448,-0.7410
-4.9345,2.9830,0.0485,-0.7410
-4.9244,2.8348,0.0521,-0.7408
-4.9136,2.6867,0.0558,-0.7405
-4.9021,2.5386,0.0595,-0.7401
-4.8898,2.3906,0.0632,-0.7396
-4.8768,2.2428,0.0668,-0.7390
-4.8631,2.0950,0.0706,-0.7382
-4.8486,1.9475,0.0743,-0.7374
-4.8334,1.8001,0.0780,-0.7364
-4.8174,1.6529,0.0817,-0.7353
-4.8007,1.5060,0.0855,-0.7340
-4.7832,1.3593,0.0892,-0.7326
-4.7650,1.2130,0.0930,-0.7312
-4.7460,1.0669,0.0967,-0.7295
-4.7263,0.9211,0.1005,-0.7278
-4.7058,0.7758,0.1043,-0.7259
-4.6846,0.6308,0.1080,-0.7239
-4.6626,0.4862,0.1118,-0.7218
-4.6399,0.3421,0.1156,-0.7196
-4.6164,0.1984,0.1194,-0.7172
-4.5921,0.0552,0.1231,-0.7147
-4.5671,-0.0875,0.1269,-0.7120
-4.5414,-0.2296,0.1307,-0.7092
-4.5149,-0.3712,0.1344,-0.7063
-4.4876,-0.5121,0.1382,-0.7033
-4.4596,-0.6525,0.1420,-0.7001
-4.4308,-0.7922,0.1457,-0.6968
-4.4013,-0.9312,0.1495,-0.6934
-4.3710,-1.0695,0.1533,-0.6898
-4.3400,-1.2071,0.1570,-0.6861
-4.3082,-1.3439,0.1607,-0.6822
-4.2757,-1.4800,0.1645,-0.6783
-4.2424,-1.6152,0.1682,-0.6741
-4.2084,-1.7496,0.1719,-0.6699
-4.1737,-1.8832,0.1756,-0.6655
-4.1382,-2.0158,0.1793,-0.6610
-4.1020,-2.1475,0.1830,-0.6563
-4.0650,-2.2783,0.1866,-0.6515
-4.0273,-2.4081,0.1903,-0.6465
-3.9889,-2.5369,0.1939,-0.6415
-3.9497,-2.6647,0.1976,-0.6363
-3.9099,-2.7914,0.2012,-0.6309
-3.8693,-2.9171,0.2047,-0.6254
-3.8280,-3.0416,0.2083,-0.6198
-3.7859,-3.1650,0.2119,-0.6140
-3.7432,-3.2872,0.2154,-0.6081
-3.6998,-3.4082,0.2189,-0.6021
-3.6556,-3.5280,0.2224,-0.5959
-3.6108,-3.6465,0.2259,-0.5895
-3.5653,-3.7638,0.2293,-0.5831
-3.5191,-3.8797,0.2327,-0.5765
-3.4722,-3.9944,0.2361,-0.5698
-3.4246,-4.1076,0.2395,-0.5629
-3.3764,-4.2195,0.2429,-0.5559
-3.3275,-4.3300,0.2462,-0.5487
-3.2779,-4.4390,0.2495,-0.5415
-3.2277,-4.5466,0.2527,-0.5340
-3.1768,-4.6526,0.2560,-0.5265
-3.1253,-4.7571,0.2592,-0.5188
-3.0732,-4.8601,0.2623,-0.5110
-3.0204,-4.9615,0.2655,-0.5030
-2.9670,-5.0613,0.2686,-0.4950
-2.9130,-5.1595,0.2716,-0.4867
-2.8584,-5.2560,0.2746,-0.4784
-2.8031,-5.3509,0.2776,-0.4699
-2.7473,-5.4440,0.2806,-0.4613
-2.6909,-5.5354,0.2835,-0.4526
-2.6339,-5.6250,0.2864,-0.4437
-2.5763,-5.7128,0.2892,-0.4347
-2.5182,-5.7989,0.2920,-0.4256
-2.4595,-5.8831,0.2948,-0.4163
-2.4003,-5.9654,0.2975,-0.4070
-2.3406,-6.0459,0.3001,-0.3975
-2.2803,-6.1244,0.3028,-0.3879
-2.2195,-6.2010,0.3053,-0.3781
-2.1581,-6.2756,0.3079,-0.3683
-2.0963,-6.3483,0.3103,-0.3583
-2.0340,-6.4190,0.3128,-0.3482
-1.9712,-6.4876,0.3152,-0.3380
-1.9080,-6.5541,0.3175,-0.3277
-1.8442,-6.6186,0.3198,-0.3172
-1.7801,-6.6810,0.3220,-0.3067
-1.7154,-6.7413,0.3242,-0.2960
-1.6504,-6.7994,0.3263,-0.2852
-1.5849,-6.8554,0.3283,-0.2744
-1.5191,-6.9092,0.3304,-0.2634
-1.4528,-6.9607,0.3323,-0.2523
-1.3861,-7.0101,0.3342,-0.2411
-1.3191,-7.0571,0.3360,-0.2298
-1.2517,-7.1020,0.3378,-0.2184
-1.1840,-7.1445,0.3395,-0.2069
-1.1159,-7.1847,0.3412,-0.1953
-1.0475,-7.2226,0.3428,-0.1836
-0.9788,-7.2581,0.3443,-0.1718
-0.9098,-7.2913,0.3458,-0.1600
-0.8405,-7.3221,0.3472,-0.1480
-0.7709,-7.3505,0.3485,-0.1360
-0.7011,-7.3765,0.3498,-0.1238
-0.6310,-7.4001,0.3510,-0.1116
-0.5607,-7.4212,0.3522,-0.0993
-0.4901,-7.4398,0.3532,-0.0870
-0.4194,-7.4560,0.3542,-0.0745
-0.3484,-7.4696,0.3552,-0.0620
-0.2773,-7.4808,0.3560,-0.0494
-0.2060,-7.4894,0.3568,-0.0368
-0.1346,-7.4955,0.3575,-0.0241
-0.0630,-7.4990,0.3582,-0.0113
0.0087,-7.5000,0.3588,0.0016
0.0805,-7.4984,0.3593,0.0145
0.1524,-7.4942,0.3597,0.0274
0.2243,-7.4874,0.3600,0.0404
0.2964,-7.4780,0.3603,0.0535
0.3685,-7.4660,0.3605,0.0666
0.4406,-7.4514,0.3606,0.0798
0.5127,-7.4341,0.3607,0.0929
0.5848,-7.4142,0.3606,0.1062
0.6570,-7.3916,0.3605,0.1195
0.7290,-7.3664,0.3603,0.1328
0.8011,-7.3385,0.3601,0.1461
0.8731,-7.3080,0.3597,0.1595
0.9450,-7.2747,0.3593,0.1729
1.0168,-7.2388,0.3588,0.1863
1.0885,-7.2002,0.3582,0.1997
1.1600,-7.1589,0.3575,0.2132
1.2314,-7.1150,0.3567,0.2266
1.3027,-7.0683,0.3559,0.2401
1.3738,-7.0189,0.3549,0.2536
1.4447,-6.9669,0.3539,0.2670
1.5153,-6.9121,0.3528,0.2805
1.5858,-6.8547,0.3516,0.2940
1.6560,-6.7945,0.3504,0.3075
1.7259,-6.7317,0.3490,0.3209
1.7956,-6.6662,0.3476,0.3343
1.8649,-6.5979,0.3460,0.3478
1.9340,-6.5271,0.3444,0.3612
2.0027,-6.4535,0.3427,0.3746
2.0711,-6.3772,0.3410,0.3879
2.1391,-6.2983,0.3391,0.4012
2.2067,-6.2167,0.3371,0.4145
2.2739,-6.1325,0.3351,0.4278
2.3407,-6.0456,0.3329,0.4410
2.4071,-5.9561,0.3307,0.4541
2.4730,-5.8640,0.3284,0.4672
2.5385,-5.7692,0.3260,0.4803
2.6034,-5.6719,0.3235,0.4933
2.6679,-5.5719,0.3210,0.5062
2.7318,-5.4694,0.3183,0.5191
2.7952,-5.3643,0.3156,0.5319
2.8580,-5.2566,0.3127,0.5447
2.9203,-5.1464,0.3098,0.5573
2.9820,-5.0337,0.3068,0.5699
3.0430,-4.9184,0.3037,0.5824
3.1034,-4.8007,0.3006,0.5948
3.1632,-4.6805,0.2973,0.6071
3.2224,-4.5579,0.2939,0.6194
3.2808,-4.4328,0.2905,0.6315
3.3385,-4.3053,0.2870,0.6435
3.3956,-4.1754,0.2834,0.6555
3.4519,-4.0431,0.2797,0.6673
3.5075,-3.9085,0.2759,0.6790
3.5623,-3.7715,0.2721,0.6905
3.6163,-3.6323,0.2681,0.7020
3.6695,-3.4907,0.2641,0.7133
3.7219,-3.3469,0.2600,0.7245
3.7735,-3.2009,0.2558,0.7356
3.8242,-3.0527,0.2515,0.7466
3.8741,-2.9023,0.2472,0.7573
3.9231,-2.7498,0.2427,0.7680
3.9712,-2.5951,0.2382,0.7785
4.0184,-2.4384,0.2336,0.7888
4.0646,-2.2796,0.2290,0.7990
4.1099,-2.1188,0.2242,0.8091
4.1543,-1.9560,0.2194,0.8189
4.1977,-1.7912,0.2145,0.8286
4.2401,-1.6245,0.2095,0.8382
4.2815,-1.4560,0.2045,0.8475
4.3219,-1.2855,0.1993,0.8567
4.3612,-1.1133,0.1942,0.8657
4.3995,-0.9393,0.1889,0.8745
4.4368,-0.7635,0.1835,0.8831
4.4730,-0.5861,0.1781,0.8915
4.5080,-0.4069,0.1727,0.8997
4.5420,-0.2262,0.1671,0.9078
4.5749,-0.0438,0.1615,0.9156
4.6066,0.1400,0.1558,0.9232
4.6372,0.3254,0.1501,0.9306
4.6666,0.5123,0.1443,0.9378
4.6949,0.7005,0.1384,0.9447
4.7220,0.8901,0.1325,0.9515
4.7479,1.0811,0.1265,0.9580
4.7726,1.2733,0.1205,0.9643
4.7961,1.4668,0.1144,0.9703
4.8184,1.6614,0.1082,0.9761
4.8394,1.8572,0.1020,0.9817
4.8592,2.0541,0.0957,0.9871
4.8777,2.2520,0.0894,0.9922
4.8949,2.4509,0.0831,0.9970
4.9109,2.6508,0.0767,1.0016
4.9256,2.8516,0.0702,1.0059
4.9390,3.0532,0.0637,1.0100
4.9511,3.2555,0.0572,1.0138
4.9618,3.4587,0.0506,1.0174
4.9713,3.6625,0.0439,1.0207
4.9794,3.8669,0.0373,1.0237
4.9862,4.0720,0.0306,1.0265
4.9916,4.2775,0.0238,1.0290
4.9957,4.4835,0.0171,1.0312
4.9985,4.6900,0.0103,1.0331
4.9998,4.8968,0.0034,1.0347
4.9998,5.1038,-0.0034,1.0361
4.9985,5.3112,-0.0103,1.0372
4.9957,5.5187,-0.0172,1.0380
4.9916,5.7264,-0.0242,1.0385
4.9860,5.9341,-0.0311,1.0387
4.9791,6.1418,-0.0381,1.0386
4.9708,6.3495,-0.0451,1.0382
4.9611,6.5571,-0.0521,1.0376
4.9499,6.7645,-0.0591,1.0366
4.9374,6.9717,-0.0662,1.0353
4.9235,7.1786,-0.0732,1.0337
4.9081,7.3852,-0.0802,1.0319
4.8914,7.5913,-0.0873,1.0297
4.8732,7.7970,-0.0943,1.0272
4.8536,8.0022,-0.1014,1.0244
4.8327,8.2067,-0.1084,1.0213
4.8103,8.4107,-0.1155,1.0178
4.7865,8.6139,-0.1225,1.0141
4.7613,8.8163,-0.1295,1.0101
4.7347,9.0179,-0.1366,1.0057
4.7067,9.2186,-0.1436,1.0011
4.6772,9.4183,-0.1505,0.9961
4.6464,9.6170,-0.1575,0.9908
4.6142,9.8146,-0.1645,0.9852
4.5806,10.0110,-0.1714,0.9793
4.5457,10.2063,-0.1783,0.9730
4.5093,10.4002,-0.1852,0.9665
4.4716,10.5928,-0.1920,0.9596
4.4325,10.7840,-0.1989,0.9524
4.3921,10.9738,-0.2056,0.9449
4.3503,11.1620,-0.2124,0.9371
4.3071,11.3486,-0.2191,0.9290
4.2626,11.5336,-0.2258,0.9206
4.2168,11.7168,-0.2324,0.9118
4.1697,11.8983,-0.2390,0.9028
4.1212,12.0779,-0.2455,0.8934
4.0715,12.2556,-0.2520,0.8837
4.0204,12.4314,-0.2584,0.8738
3.9681,12.6051,-0.2648,0.8635
3.9145,12.7768,-0.2711,0.8529
3.8597,12.9463,-0.2774,0.8420
3.8036,13.1135,-0.2836,0.8308
3.7463,13.2786,-0.2897,0.8193
3.6877,13.4412,-0.2957,0.8075
3.6280,13.6015,-0.3017,0.7954
3.5670,13.7594,-0.3077,0.7830
3.5049,13.9147,-0.3135,0.7703
3.4416,14.0675,-0.3193,0.7574
3.3772,14.2177,-0.3250,0.7441
3.3117,14.3651,-0.3306,0.7306
3.2450,14.5099,-0.3361,0.7168
3.1772,14.6518,-0.3415,0.7027
3.1084,14.7909,-0.3469,0.6883
3.0385,14.9271,-0.3521,0.6736
2.9675,15.0604,-0.3573,0.6587
2.8956,15.1906,-0.3624,0.6435
2.8226,15.3177,-0.3673,0.6281
2.7486,15.4418,-0.3722,0.6124
2.6737,15.5627,-0.3770,0.5964
2.5979,15.6803,-0.3817,0.5802
2.5211,15.7947,-0.3862,0.5637
2.4434,15.9058,-0.3907,0.5470
2.3648,16.0135,-0.3950,0.5301
2.2854,16.1178,-0.3992,0.5129
2.2051,16.2187,-0.4033,0.4955
2.1241,16.3160,-0.4073,0.4779
2.0422,16.4098,-0.4112,0.4600
1.9596,16.5000,-0.4150,0.4419
1.8762,16.5866,-0.4186,0.4236
1.7921,16.6695,-0.4221,0.4051
1.7074,16.7486,-0.4255,0.3865
1.6220,16.8240,-0.4287,0.3676
1.5359,16.8956,-0.4318,0.3485
1.4492,16.9634,-0.4348,0.3292
1.3620,17.0273,-0.4377,0.3098
1.2742,17.0873,-0.4404,0.2901
1.1858,17.1434,-0.4430,0.2703
1.0970,17.1954,-0.4454,0.2504
1.0077,17.2435,-0.4477,0.2303
0.9180,17.2875,-0.4498,0.2100
0.8278,17.3275,-0.4518,0.1896
0.7372,17.3634,-0.4537,0.1691
0.6463,17.3951,-0.4554,0.1484
0.5551,17.4227,-0.4569,0.1276
0.4636,17.4462,-0.4583,0.1067
0.3718,17.4654,-0.4596,0.0857
0.2797,17.4804,-0.4607,0.0645
0.1875,17.4912,-0.4616,0.0433
0.0951,17.4977,-0.4624,0.0220
0.0025,17.5000,-0.4631,0.0006
-0.0901,17.4980,-0.4635,-0.0209
-0.1829,17.4916,-0.4638,-0.0424
-0.2757,17.4810,-0.4640,-0.0640
-0.3685,17.4660,-0.4640,-0.0857
-0.4612,17.4467,-0.4638,-0.1074
-0.5540,17.4230,-0.4635,-0.1292
-0.6466,17.3950,-0.4630,-0.1509
-0.7391,17.3627,-0.4623,-0.1727
-0.8315,17.3259,-0.4615,-0.1946
-0.9237,17.2848,-0.4605,-0.2164
-1.0157,17.2394,-0.4593,-0.2382
-1.1074,17.1896,-0.4579,-0.2600
-1.1989,17.1354,-0.4564,-0.2818
-1.2900,17.0768,-0.4548,-0.3036
-1.3807,17.0139,-0.4529,-0.3253
-1.4711,16.9467,-0.4509,-0.3470
-1.5611,16.8751,-0.4487,-0.3687
-1.6506,16.7992,-0.4464,-0.3903
-1.7396,16.7190,-0.4439,-0.4118
-1.8281,16.6345,-0.4412,-0.4333
-1.9161,16.5457,-0.4383,-0.4546
-2.0035,16.4527,-0.4353,-0.4759
-2.0902,16.3554,-0.4321,-0.4971
-2.1763,16.2538,-0.4287,-0.5181
-2.2617,16.1481,-0.4252,-0.5391
-2.3463,16.0382,-0.4214,-0.5599
-2.4302,15.9242,-0.4176,-0.5806
-2.5133,15.8060,-0.4135,-0.6011
-2.5956,15.6837,-0.4093,-0.6215
-2.6770,15.5574,-0.4049,-0.6417
-2.7576,15.4270,-0.4004,-0.6618
-2.8372,15.2927,-0.3957,-0.6817
-2.9158,15.1544,-0.3908,-0.7014
-2.9935,15.0122,-0.3858,-0.7209
-3.0701,14.8661,-0.3806,-0.7402
-3.1457,14.7161,-0.3752,-0.7592
-3.2202,14.5624,-0.3697,-0.7781
-3.2936,14.4049,-0.3640,-0.7967
-3.3658,14.2437,-0.3582,-0.8151
-3.4368,14.0788,-0.3522,-0.8333
-3.5067,13.9104,-0.3460,-0.8512
-3.5753,13.7384,-0.3397,-0.8688
-3.6426,13.5629,-0.3333,-0.8861
-3.7086,13.3840,-0.3267,-0.9032
-3.7732,13.2017,-0.3200,-0.9200
-3.8365,13.0160,-0.3131,-0.9365
-3.8984,12.8271,-0.3060,-0.9526
-3.9589,12.6350,-0.2988,-0.9685
-4.0180,12.4397,-0.2915,-0.9840
-4.0755,12.2414,-0.2841,-0.9992
-4.1316,12.0400,-0.2765,-1.0141
-4.1861,11.8358,-0.2688,-1.0286
-4.2391,11.6286,-0.2609,-1.0428
-4.2905,11.4187,-0.2529,-1.0566
-4.3402,11.2060,-0.2448,-1.0701
-4.3884,10.9907,-0.2366,-1.0831
-4.4349,10.7728,-0.2282,-1.0958
-4.4797,10.5524,-0.2198,-1.1081
-4.5228,10.3295,-0.2112,-1.1200
-4.5641,10.1044,-0.2025,-1.1315
-4.6037,9.8770,-0.1937,-1.1426
-4.6416,9.6474,-0.1847,-1.1532
-4.6776,9.4157,-0.1757,-1.1635
-4.7119,9.1820,-0.1666,-1.1733
-4.7443,8.9464,-0.1574,-1.1826
-4.7748,8.7090,-0.1481,-1.1916
-4.8035,8.4698,-0.1387,-1.2000
-4.8303,8.2290,-0.1292,-1.2080
-4.8552,7.9866,-0.1196,-1.2156
-4.8781,7.7428,-0.1100,-1.2227
-4.8992,7.4976,-0.1003,-1.2293
-4.9183,7.2511,-0.0905,-1.2354
-4.9354,7.0035,-0.0806,-1.2410
-4.9505,6.7547,-0.0707,-1.2462
-4.9636,6.5050,-0.0607,-1.2509
-4.9748,6.2544,-0.0506,-1.2550
-4.9839,6.0031,-0.0405,-1.2587
-4.9910,5.7510,-0.0304,-1.2618
-4.9960,5.4983,-0.0202,-1.2645
-4.9990,5.2452,-0.0099,-1.2666
-5.0000,4.9917,0.0003,-1.2682
-4.9989,4.7380,0.0106,-1.2693
-4.9957,4.4840,0.0210,-1.2699
-4.9905,4.2301,0.0313,-1.2699
-4.9832,3.9761,0.0417,-1.2694
-4.9738,3.7223,0.0521,-1.2684
-4.9623,3.4688,0.0625,-1.2668
-4.9488,3.2156,0.0730,-1.2647
-4.9332,2.9630,0.0834,-1.2620
-4.9154,2.7109,0.0938,-1.2589
-4.8956,2.4595,0.1042,-1.2551
-4.8738,2.2089,0.1146,-1.2508
-4.8498,1.9592,0.1250,-1.2460
-4.8238,1.7105,0.1354,-1.2406
-4.7957,1.4629,0.1457,-1.2347
-4.7655,1.2166,0.1560,-1.2283
-4.7332,0.9717,0.1663,-1.2212
-4.6990,0.7282,0.1765,-1.2137
-4.6626,0.4862,0.1867,-1.2056
-4.6243,0.2460,0.1969,-1.1969
-4.5839,0.0075,0.2070,-1.1877
-4.5415,-0.2291,0.2170,-1.1780
-4.4971,-0.4636,0.2270,-1.1677
-4.4507,-0.6961,0.2369,-1.1568
-4.4023,-0.9263,0.2467,-1.1455
-4.3520,-1.1543,0.2565,-1.1336
-4.2997,-1.3797,0.2662,-1.1211
-4.2456,-1.6027,0.2757,-1.1082
-4.1895,-1.8230,0.2852,-1.0947
-4.1315,-2.0405,0.2946,-1.0806
-4.0716,-2.2552,0.3039,-1.0661
-4.0099,-2.4669,0.3131,-1.0510
-3.9464,-2.6756,0.3222,-1.0355
-3.8810,-2.8810,0.3312,-1.0194
-3.8139,-3.0833,0.3401,-1.0028
-3.7450,-3.2821,0.3488,-0.9857
-3.6744,-3.4775,0.3574,-0.9681
-3.6021,-3.6693,0.3658,-0.9500
-3.5281,-3.8575,0.3742,-0.9315
-3.4524,-4.0419,0.3824,-0.9124
-3.3751,-4.2224,0.3904,-0.8929
-3.2963,-4.3990,0.3983,-0.8730
-3.2158,-4.5716,0.4060,-0.8526
-3.1339,-4.7400,0.4136,-0.8317
-3.0504,-4.9042,0.4210,-0.8104
-2.9655,-5.0641,0.4282,-0.7886
-2.8791,-5.2197,0.4353,-0.7664
-2.7914,-5.3707,0.4422,-0.7438
-2.7023,-5.5172,0.4489,-0.7208
-2.6118,-5.6590,0.4554,-0.6974
-2.5201,-5.7961,0.4617,-0.6736
-2.4272,-5.9284,0.4679,-0.6494
-2.3330,-6.0559,0.4738,-0.6249
-2.2377,-6.1783,0.4795,-0.6000
-2.1412,-6.2958,0.4851,-0.5747
-2.0436,-6.4082,0.4904,-0.5490
-1.9451,-6.5154,0.4955,-0.5231
-1.8455,-6.6174,0.5004,-0.4968
-1.7449,-6.7141,0.5051,-0.4702
-1.6434,-6.8055,0.5095,-0.4433
-1.5411,-6.8914,0.5138,-0.4161
-1.4380,-6.9719,0.5178,-0.3887
-1.3340,-7.0469,0.5215,-0.3610
-1.2294,-7.1163,0.5251,-0.3330
-1.1240,-7.1801,0.5284,-0.3047
-1.0180,-7.2382,0.5314,-0.2763
-0.9115,-7.2906,0.5342,-0.2476
-0.8044,-7.3372,0.5368,-0.2187
-0.6968,-7.3780,0.5391,-0.1897
-0.5887,-7.4130,0.5412,-0.1604
-0.4803,-7.4422,0.5430,-0.1310
-0.3716,-7.4654,0.5445,-0.1014
-0.2625,-7.4828,0.5459,-0.0717
-0.1532,-7.4941,0.5469,-0.0419
-0.0438,-7.4995,0.5477,-0.0120
0.0658,-7.4989,0.5482,0.0180
0.1755,-7.4923,0.5485,0.0482
0.2852,-7.4797,0.5484,0.0783
0.3949,-7.4610,0.5482,0.1086
0.5044,-7.4362,0.5476,0.1388
0.6139,-7.4054,0.5468,0.1691
0.7231,-7.3686,0.5457,0.1994
0.8322,-7.3257,0.5444,0.2297
0.9409,-7.2767,0.5427,0.2600
1.0492,-7.2217,0.5408,0.2902
1.1572,-7.1606,0.5387,0.3204
1.2647,-7.0935,0.5362,0.3505
1.3717,-7.0204,0.5335,0.3805
1.4781,-6.9413,0.5305,0.4104
1.5839,-6.8563,0.5273,0.4402
1.6890,-6.7653,0.5237,0.4699
1.7933,-6.6683,0.5199,0.4994
1.8969,-6.5655,0.5158,0.5288
1.9996,-6.4568,0.5115,0.5580
2.1015,-6.3423,0.5069,0.5870
2.2024,-6.2221,0.5020,0.6157
2.3023,-6.0960,0.4968,0.6443
2.4011,-5.9644,0.4914,0.6726
2.4988,-5.8270,0.4857,0.7007
2.5954,-5.6841,0.4798,0.7285
2.6907,-5.5357,0.4736,0.7560
2.7848,-5.3817,0.4671,0.7831
2.8776,-5.2224,0.4604,0.8100
2.9689,-5.0578,0.4534,0.8366
3.0589,-4.8878,0.4462,0.8627
3.1474,-4.7127,0.4387,0.8886
3.2344,-4.5324,0.4310,0.9140
3.3198,-4.3471,0.4230,0.9390
3.4036,-4.1568,0.4148,0.9637
3.4857,-3.9617,0.4064,0.9879
3.5661,-3.7617,0.3977,1.0116
3.6448,-3.5571,0.3888,1.0349
3.7216,-3.3478,0.3796,1.0578
3.7966,-3.1340,0.3703,1.0801
3.8697,-2.9158,0.3607,1.1020
3.9408,-2.6932,0.3509,1.1233
4.0100,-2.4665,0.3408,1.1441
4.0772,-2.2356,0.3306,1.1644
4.1423,-2.0008,0.3202,1.1841
4.2052,-1.7620,0.3096,1.2033
4.2661,-1.5195,0.2988,1.2218
4.3247,-1.2733,0.2878,1.2398
4.3812,-1.0236,0.2766,1.2572
4.4353,-0.7705,0.2652,1.2740
4.4872,-0.5141,0.2536,1.2901
4.5368,-0.2545,0.2419,1.3056
4.5840,0.0081,0.2301,1.3204
4.6288,0.2736,0.2180,1.3346
4.6712,0.5419,0.2059,1.3481
4.7111,0.8128,0.1935,1.3609
4.7486,1.0862,0.1811,1.3730
4.7836,1.3620,0.1685,1.3844
4.8160,1.6399,0.1557,1.3951
4.8458,1.9200,0.1429,1.4051
4.8731,2.2019,0.1299,1.4143
4.8978,2.4857,0.1169,1.4228
4.9199,2.7710,0.1037,1.4306
4.9393,3.0578,0.0904,1.4376
4.9560,3.3460,0.0771,1.4438
4.9701,3.6353,0.0637,1.4493
4.9815,3.9256,0.0502,1.4539
4.9902,4.2168,0.0366,1.4578
4.9961,4.5087,0.0230,1.4609
4.9994,4.8012,0.0093,1.4633
4.9999,5.0940,-0.0044,1.4648
4.9976,5.3870,-0.0182,1.4655
4.9926,5.6801,-0.0319,1.4654
4.9848,5.9731,-0.0457,1.4644
4.9743,6.2658,-0.0596,1.4627
4.9610,6.5581,-0.0734,1.4602
4.9449,6.8498,-0.0872,1.4568
4.9261,7.1408,-0.1010,1.4526
4.9045,7.4308,-0.1148,1.4476
4.8802,7.7198,-0.1286,1.4417
4.8531,8.0074,-0.1423,1.4350
4.8233,8.2937,-0.1560,1.4275
4.7907,8.5784,-0.1696,1.4192
4.7555,8.8613,-0.1832,1.4100
4.7175,9.1424,-0.1967,1.4001
4.6768,9.4213,-0.2101,1.3893
4.6334,9.6980,-0.2235,1.3777
4.5874,9.9723,-0.2368,1.3652
4.5387,10.2440,-0.2499,1.3520
4.4874,10.5130,-0.2630,1.3379
4.4335,10.7792,-0.2759,1.3231
4.3771,11.0422,-0.2888,1.3074
4.3180,11.3021,-0.3015,1.2910
4.2565,11.5585,-0.3140,1.2737
4.1924,11.8115,-0.3264,1.2557
4.1259,12.0608,-0.3387,1.2369
4.0570,12.3062,-0.3508,1.2173
3.9856,12.5477,-0.3627,1.1970
3.9119,12.7850,-0.3744,1.1759
3.8359,13.0180,-0.3860,1.1541
3.7575,13.2466,-0.3974,1.1316
3.6769,13.4706,-0.4085,1.1083
3.5941,13.6899,-0.4195,1.0843
3.5092,13.9043,-0.4302,1.0597
3.4221,14.1137,-0.4407,1.0343
3.3329,14.3179,-0.4510,1.0083
3.2417,14.5169,-0.4611,0.9815
3.1485,14.7105,-0.4709,0.9542
3.0534,14.8986,-0.4804,0.9262
2.9563,15.0810,-0.4897,0.8976
2.8575,15.2576,-0.4987,0.8683
2.7569,15.4282,-0.5075,0.8385
2.6545,15.5929,-0.5160,0.8081
2.5505,15.7515,-0.5242,0.7771
2.4449,15.9037,-0.5321,0.7456
2.3377,16.0497,-0.5397,0.7136
2.2290,16.1891,-0.5470,0.6810
2.1189,16.3220,-0.5540,0.6480
2.0075,16.4483,-0.5606,0.6144
1.8947,16.5678,-0.5670,0.5804
1.7807,16.6804,-0.5730,0.5460
1.6655,16.7861,-0.5787,0.5111
1.5492,16.8848,-0.5841,0.4759
1.4319,16.9765,-0.5891,0.4402
1.3136,17.0609,-0.5938,0.4042
1.1944,17.1381,-0.5981,0.3678
1.0744,17.2080,-0.6021,0.3312
0.9536,17.2706,-0.6057,0.2942
0.8321,17.3257,-0.6090,0.2570
0.7100,17.3733,-0.6119,0.2194
0.5874,17.4134,-0.6144,0.1817
0.4643,17.4460,-0.6166,0.1437
0.3408,17.4709,-0.6183,0.1056
0.2170,17.4882,-0.6197,0.0673
0.0929,17.4978,-0.6208,0.0288
-0.0313,17.4998,-0.6214,-0.0097
-0.1556,17.4939,-0.6217,-0.0484
-0.2799,17.4804,-0.6215,-0.0871
-0.4042,17.4591,-0.6210,-0.1259
-0.5283,17.4300,-0.6201,-0.1647
-0.6522,17.3932,-0.6188,-0.2035
-0.7758,17.3486,-0.6171,-0.2423
-0.8990,17.2963,-0.6150,-0.2811
-1.0218,17.2362,-0.6126,-0.3197
-1.1441,17.1684,-0.6097,-0.3583
-1.2657,17.0929,-0.6065,-0.3967
-1.3866,17.0097,-0.6028,-0.4350
-1.5068,16.9189,-0.5988,-0.4731
-1.6261,16.8205,-0.5943,-0.5110
-1.7445,16.7145,-0.5895,-0.5487
-1.8619,16.6010,-0.5843,-0.5861
-1.9782,16.4801,-0.5787,-0.6233
-2.0934,16.3517,-0.5728,-0.6601
-2.2073,16.2160,-0.5664,-0.6967
-2.3199,16.0731,-0.5597,-0.7328
-2.4311,15.9229,-0.5526,-0.7686
-2.5409,15.7657,-0.5451,-0.8040
-2.6491,15.6013,-0.5372,-0.8390
-2.7557,15.4301,-0.5290,-0.8735
-2.8607,15.2520,-0.5204,-0.9076
-2.9639,15.0671,-0.5115,-0.9411
-3.0653,14.8755,-0.5022,-0.9742
-3.1647,14.6775,-0.4925,-1.0066
-3.2622,14.4729,-0.4825,-1.0385
-3.3577,14.2621,-0.4722,-1.0699
-3.4511,14.0450,-0.4615,-1.1005
-3.5423,13.8219,-0.4505,-1.1306
-3.6313,13.5928,-0.4392,-1.1600
-3.7179,13.3579,-0.4275,-1.1887
-3.8023,13.1174,-0.4156,-1.2167
-3.8842,12.8713,-0.4033,-1.2440
-3.9636,12.6199,-0.3908,-1.2705
-4.0405,12.3632,-0.3779,-1.2962
-4.1147,12.1014,-0.3648,-1.3212
-4.1864,11.8348,-0.3514,-1.3453
-4.2553,11.5634,-0.3378,-1.3686
-4.3215,11.2874,-0.3238,-1.3911
-4.3848,11.0070,-0.3096,-1.4127
-4.4453,10.7224,-0.2952,-1.4334
-4.5029,10.4337,-0.2806,-1.4532
-4.5575,10.1411,-0.2657,-1.4721
-4.6092,9.8449,-0.2506,-1.4900
-4.6577,9.5452,-0.2353,-1.5070
-4.7033,9.2422,-0.2198,-1.5230
-4.7456,8.9361,-0.2041,-1.5380
-4.7849,8.6271,-0.1882,-1.5520
-4.8209,8.3154,-0.1722,-1.5650
-4.8538,8.0011,-0.1560,-1.5770
-4.8833,7.6846,-0.1397,-1.5880
-4.9096,7.3660,-0.1232,-1.5978
-4.9326,7.0455,-0.1066,-1.6067
-4.9522,6.7234,-0.0899,-1.6144
-4.9685,6.3999,-0.0731,-1.6211
-4.9815,6.0751,-0.0562,-1.6267
-4.9910,5.7493,-0.0392,-1.6311
-4.9971,5.4227,-0.0221,-1.6345
-4.9999,5.0955,-0.0050,-1.6368
-4.9991,4.7680,0.0122,-1.6379
-4.9950,4.4404,0.0294,-1.6379
-4.9874,4.1130,0.0466,-1.6368
-4.9764,3.7858,0.0638,-1.6345
-4.9619,3.4592,0.0810,-1.6311
-4.9439,3.1334,0.0983,-1.6266
-4.9226,2.8087,0.1154,-1.6209
-4.8978,2.4852,0.1326,-1.6140
-4.8695,2.1631,0.1497,-1.6061
-4.8379,1.8428,0.1667,-1.5970
-4.8028,1.5244,0.1837,-1.5867
-4.7644,1.2082,0.2006,-1.5753
-4.7226,0.8944,0.2174,-1.5628
-4.6775,0.5832,0.2340,-1.5491
-4.6290,0.2748,0.2506,-1.5343
-4.5772,-0.0305,0.2670,-1.5184
-4.5222,-0.3325,0.2833,-1.5014
-4.4639,-0.6310,0.2994,-1.4833
-4.4025,-0.9257,0.3153,-1.4640
-4.3378,-1.2165,0.3310,-1.4437
-4.2701,-1.5031,0.3466,-1.4223
-4.1992,-1.7854,0.3619,-1.3999
-4.1253,-2.0630,0.3770,-1.3764
-4.0484,-2.3358,0.3919,-1.3518
-3.9686,-2.6037,0.4066,-1.3262
-3.8858,-2.8663,0.4210,-1.2997
-3.8002,-3.1235,0.4351,-1.2721
-3.7118,-3.3750,0.4489,-1.2435
-3.6207,-3.6208,0.4625,-1.2139
-3.5268,-3.8605,0.4757,-1.1834
-3.4304,-4.0941,0.4886,-1.1520
-3.3314,-4.3213,0.5013,-1.1197
-3.2299,-4.5419,0.5135,-1.0865
-3.1260,-4.7558,0.5255,-1.0524
-3.0197,-4.9628,0.5371,-1.0174
-2.9112,-5.1627,0.5483,-0.9816
-2.8004,-5.3554,0.5591,-0.9451
-2.6876,-5.5407,0.5696,-0.9077
-2.5726,-5.7184,0.5797,-0.8696
-2.4557,-5.8885,0.5893,-0.8307
-2.3369,-6.0507,0.5986,-0.7912
-2.2163,-6.2049,0.6074,-0.7510
-2.0940,-6.3510,0.6159,-0.7101
-1.9700,-6.4889,0.6238,-0.6686
-1.8445,-6.6184,0.6314,-0.6265
-1.7175,-6.7394,0.6385,-0.5838
-1.5891,-6.8519,0.6451,-0.5406
-1.4595,-6.9556,0.6513,-0.4969
-1.3286,-7.0506,0.6570,-0.4527
-1.1967,-7.1367,0.6622,-0.4081
-1.0638,-7.2138,0.6669,-0.3631
-0.9299,-7.2819,0.6712,-0.3176
-0.7953,-7.3409,0.6750,-0.2719
-0.6600,-7.3906,0.6782,-0.2258
-0.5241,-7.4311,0.6810,-0.1794
-0.3876,-7.4624,0.6832,-0.1328
-0.2508,-7.4843,0.6850,-0.0860
-0.1137,-7.4968,0.6862,-0.0390
0.0237,-7.4999,0.6869,0.0081
0.1611,-7.4935,0.6871,0.0554
0.2985,-7.4777,0.6868,0.1027
0.4358,-7.4524,0.6860,0.1500
0.5728,-7.4177,0.6846,0.1974
0.7096,-7.3735,0.6827,0.2447
0.8459,-7.3198,0.6803,0.2919
0.9816,-7.2567,0.6773,0.3390
1.1168,-7.1842,0.6738,0.3860
1.2511,-7.1023,0.6698,0.4328
1.3847,-7.0111,0.6653,0.4794
1.5172,-6.9106,0.6603,0.5257
1.6487,-6.8009,0.6547,0.5717
1.7791,-6.6820,0.6486,0.6174
1.9082,-6.5539,0.6420,0.6627
2.0359,-6.4169,0.6349,0.7076
2.1621,-6.2709,0.6273,0.7521
2.2867,-6.1161,0.6191,0.7960
2.4097,-5.9525,0.6105,0.8395
2.5309,-5.7803,0.6014,0.8824
2.6502,-5.5996,0.5918,0.9247
2.7676,-5.4105,0.5817,0.9665
2.8829,-5.2131,0.5711,1.0075
2.9960,-5.0075,0.5600,1.0478
3.1068,-4.7940,0.5485,1.0875
3.2153,-4.5726,0.5365,1.1263
3.3214,-4.3435,0.5241,1.1644
3.4250,-4.1069,0.5112,1.2016
3.5259,-3.8629,0.4979,1.2380
3.6241,-3.6118,0.4842,1.2735
3.7195,-3.3536,0.4700,1.3080
3.8121,-3.0886,0.4555,1.3416
3.9017,-2.8170,0.4405,1.3742
3.9883,-2.5390,0.4252,1.4058
4.0717,-2.2548,0.4095,1.4363
4.1520,-1.9646,0.3934,1.4658
4.2291,-1.6685,0.3770,1.4941
4.3028,-1.3670,0.3602,1.5213
4.3731,-1.0601,0.3431,1.5474
4.4400,-0.7481,0.3257,1.5723
4.5034,-0.4312,0.3080,1.5960
4.5632,-0.1098,0.2900,1.6184
4.6193,0.2160,0.2717,1.6396
4.6718,0.5460,0.2531,1.6595
4.7206,0.8797,0.2344,1.6781
4.7655,1.2171,0.2153,1.6954
4.8067,1.5578,0.1961,1.7113
4.8440,1.9015,0.1766,1.7259
4.8773,2.2481,0.1570,1.7391
4.9067,2.5971,0.1372,1.7510
4.9322,2.9484,0.1172,1.7614
4.9536,3.3016,0.0971,1.7704
4.9710,3.6564,0.0769,1.7780
4.9844,4.0127,0.0565,1.7841
4.9936,4.3700,0.0361,1.7888
4.9988,4.7281,0.0156,1.7920
4.9999,5.0867,-0.0050,1.7938
4.9968,5.4455,-0.0256,1.7940
4.9896,5.8042,-0.0462,1.7928
4.9783,6.1625,-0.0669,1.7901
4.9629,6.5202,-0.0875,1.7859
4.9433,6.8768,-0.1081,1.7802
4.9196,7.2321,-0.1287,1.7730
4.8918,7.5859,-0.1492,1.7644
4.8599,7.9378,-0.1697,1.7542
4.8240,8.2875,-0.1900,1.7425
4.7840,8.6347,-0.2102,1.7294
4.7399,8.9791,-0.2303,1.7147
4.6918,9.3205,-0.2503,1.6986
4.6398,9.6585,-0.2701,1.6811
4.5838,9.9928,-0.2896,1.6620
4.5240,10.3232,-0.3090,1.6415
4.4602,10.6493,-0.3282,1.6196
4.3927,10.9709,-0.3472,1.5963
4.3214,11.2878,-0.3659,1.5716
4.2463,11.5995,-0.3843,1.5455
4.1677,11.9059,-0.4024,1.5180
4.0854,12.2066,-0.4203,1.4891
3.9996,12.5014,-0.4378,1.4589
3.9103,12.7901,-0.4550,1.4274
3.8176,13.0723,-0.4718,1.3946
3.7216,13.3478,-0.4883,1.3606
3.6223,13.6164,-0.5044,1.3253
3.5199,13.8778,-0.5201,1.2887
3.4143,14.1318,-0.5354,1.2510
3.3057,14.3782,-0.5502,1.2121
3.1943,14.6166,-0.5646,1.1721
3.0799,14.8470,-0.5786,1.1310
2.9629,15.0690,-0.5921,1.0888
2.8431,15.2824,-0.6051,1.0456
2.7209,15.4871,-0.6176,1.0014
2.5962,15.6829,-0.6296,0.9562
2.4691,15.8696,-0.6410,0.9101
2.3398,16.0469,-0.6520,0.8631
2.2083,16.2147,-0.6624,0.8152
2.0749,16.3729,-0.6722,0.7665
1.9395,16.5213,-0.6815,0.7170
1.8023,16.6597,-0.6902,0.6668
1.6635,16.7879,-0.6983,0.6159
1.5230,16.9060,-0.7058,0.5643
1.3812,17.0136,-0.7127,0.5121
1.2380,17.1108,-0.7190,0.4594
1.0936,17.1973,-0.7247,0.4061
0.9482,17.2732,-0.7297,0.3523
0.8018,17.3382,-0.7341,0.2982
0.6546,17.3924,-0.7379,0.2436
0.5067,17.4357,-0.7410,0.1887
0.3582,17.4679,-0.7435,0.1335
0.2094,17.4890,-0.7453,0.0781
0.0602,17.4991,-0.7464,0.0225
-0.0892,17.4980,-0.7469,-0.0333
-0.2385,17.4858,-0.7467,-0.0892
-0.3878,17.4623,-0.7458,-0.1451
-0.5368,17.4277,-0.7443,-0.2009
-0.6855,17.3820,-0.7421,-0.2568
-0.8336,17.3250,-0.7392,-0.3125
-0.9811,17.2570,-0.7357,-0.3681
-1.1279,17.1778,-0.7315,-0.4234
-1.2737,17.0876,-0.7266,-0.4785
-1.4185,16.9864,-0.7210,-0.5333
-1.5621,16.8743,-0.7148,-0.5877
-1.7043,16.7514,-0.7079,-0.6417
-1.8452,16.6177,-0.7004,-0.6952
-1.9844,16.4733,-0.6922,-0.7482
-2.1220,16.3184,-0.6833,-0.8007
-2.2577,16.1531,-0.6738,-0.8525
-2.3915,15.9775,-0.6637,-0.9037
-2.5232,15.7917,-0.6529,-0.9541
-2.6526,15.5959,-0.6415,-1.0038
-2.7797,15.3902,-0.6296,-1.0527
-2.9044,15.1749,-0.6169,-1.1007
-3.0265,14.9500,-0.6037,-1.1478
-3.1459,14.7158,-0.5900,-1.1939
-3.2624,14.4725,-0.5756,-1.2390
-3.3761,14.2203,-0.5607,-1.2831
-3.4867,13.9593,-0.5452,-1.3261
-3.5941,13.6899,-0.5292,-1.3679
-3.6983,13.4122,-0.5126,-1.4086
-3.7991,13.1266,-0.4956,-1.4480
-3.8965,12.8331,-0.4780,-1.4862
-3.9903,12.5322,-0.4600,-1.5231
-4.0805,12.2240,-0.4415,-1.5586
-4.1669,11.9088,-0.4225,-1.5928
-4.2495,11.5870,-0.4031,-1.6255
-4.3281,11.2587,-0.3833,-1.6567
-4.4028,10.9244,-0.3631,-1.6865
-4.4733,10.5842,-0.3425,-1.7148
-4.5397,10.2386,-0.3215,-1.7415
-4.6019,9.8877,-0.3002,-1.7666
-4.6598,9.5320,-0.2786,-1.7901
-4.7133,9.1718,-0.2566,-1.8119
-4.7624,8.8074,-0.2344,-1.8321
-4.8070,8.4391,-0.2118,-1.8506
-4.8471,8.0673,-0.1891,-1.8673
-4.8827,7.6923,-0.1661,-1.8824
-4.9135,7.3144,-0.1429,-1.8956
-4.9398,6.9341,-0.1195,-1.9071
-4.9613,6.5517,-0.0959,-1.9167
-4.9781,6.1676,-0.0722,-1.9246
-4.9902,5.7820,-0.0484,-1.9306
-4.9975,5.3954,-0.0245,-1.9348
-5.0000,5.0082,-0.0005,-1.9371
-4.9977,4.6207,0.0235,-1.9376
-4.9906,4.2333,0.0476,-1.9362
-4.9787,3.8463,0.0717,-1.9330
-4.9619,3.4602,0.0957,-1.9278
-4.9404,3.0753,0.1197,-1.9208
-4.9140,2.6920,0.1437,-1.9119
-4.8829,2.3107,0.1675,-1.9011
-4.8470,1.9317,0.1913,-1.8885
-4.8064,1.5554,0.2149,-1.8740
-4.7611,1.1822,0.2383,-1.8576
-4.7111,0.8125,0.2616,-1.8394
-4.6565,0.4466,0.2846,-1.8193
-4.5973,0.0849,0.3075,-1.7974
-4.5335,-0.2722,0.3300,-1.7737
-4.4653,-0.6245,0.3523,-1.7483
-4.3926,-0.9714,0.3743,-1.7210
-4.3155,-1.3127,0.3960,-1.6920
-4.2342,-1.6481,0.4173,-1.6613
-4.1486,-1.9771,0.4383,-1.6288
-4.0589,-2.2995,0.4589,-1.5947
-3.9651,-2.6149,0.4790,-1.5589
-3.8673,-2.9230,0.4987,-1.5215
-3.7656,-3.2234,0.5180,-1.4826
-3.6602,-3.5159,0.5368,-1.4420
-3.5509,-3.8001,0.5551,-1.4000
-3.4381,-4.0758,0.5729,-1.3564
-3.3218,-4.3426,0.5902,-1.3115
-3.2021,-4.6003,0.6069,-1.2651
-3.0791,-4.8485,0.6230,-1.2173
-2.9530,-5.0871,0.6385,-1.1683
-2.8238,-5.3158,0.6534,-1.1179
-2.6916,-5.5342,0.6677,-1.0663
-2.5567,-5.7422,0.6814,-1.0136
-2.4191,-5.9396,0.6944,-0.9597
-2.2790,-6.1260,0.7067,-0.9047
-2.1365,-6.3014,0.7183,-0.8487
-1.9917,-6.4655,0.7293,-0.7918
-1.8448,-6.6180,0.7395,-0.7339
-1.6960,-6.7589,0.7490,-0.6751
-1.5453,-6.8880,0.7577,-0.6156
-1.3929,-7.0051,0.7657,-0.5553
-1.2391,-7.1101,0.7729,-0.4943
-1.0838,-7.2028,0.7794,-0.4326
-0.9274,-7.2831,0.7850,-0.3704
-0.7699,-7.3509,0.7899,-0.3077
-0.6115,-7.4062,0.7940,-0.2446
-0.4523,-7.4487,0.7972,-0.1811
-0.2926,-7.4786,0.7997,-0.1172
-0.1325,-7.4956,0.8013,-0.0531
0.0278,-7.4998,0.8021,0.0112
0.1883,-7.4911,0.8021,0.0756
0.3486,-7.4696,0.8013,0.1400
0.5087,-7.4351,0.7996,0.2045
0.6684,-7.3878,0.7971,0.2688
0.8275,-7.3276,0.7938,0.3330
0.9859,-7.2546,0.7896,0.3970
1.1433,-7.1688,0.7846,0.4608
1.2997,-7.0703,0.7788,0.5241
1.4548,-6.9592,0.7722,0.5871
1.6085,-6.8355,0.7647,0.6495
1.7606,-6.6994,0.7564,0.7114
1.9110,-6.5510,0.7473,0.7727
2.0595,-6.3904,0.7374,0.8333
2.2059,-6.2177,0.7267,0.8932
2.3501,-6.0331,0.7153,0.9522
2.4920,-5.8369,0.7030,1.0104
2.6313,-5.6291,0.6900,1.0676
2.7679,-5.4099,0.6762,1.1238
2.9017,-5.1796,0.6617,1.1789
3.0326,-4.9384,0.6465,1.2329
3.1603,-4.6866,0.6305,1.2856
3.2847,-4.4243,0.6138,1.3372
3.4058,-4.1518,0.5965,1.3874
3.5233,-3.8694,0.5785,1.4362
3.6371,-3.5774,0.5598,1.4836
3.7471,-3.2761,0.5405,1.5295
3.8533,-2.9657,0.5206,1.5739
3.9553,-2.6466,0.5001,1.6166
4.0532,-2.3191,0.4790,1.6578
4.1469,-1.9836,0.4573,1.6972
